106384830
106384830
106384830
106384830
106384830
106384830
106384830
106384830
106384830
106384830
106384830
106384830
106384830
106384830
106384830
106384830
106384830
104220640
104220640
104220640
104220640
104220640
104220640
104220640
104220640
104220640
104220640
104220640
104220640
104220640
104220640
104220640
104220640
104220640
104220640
104220640
104220640
104220640
104220640
104220640
104220640
104220640
104220640
101874040
101874040
101874040
101874040
101874040
101874040
101874040
101874040
101874040
101874040
101874040
101874040
101874040
101874040
101874040
101874040
101874040
101874040
101874040
101874040
101874040
101874040
101874040
101874040
101874040
101874040
101498760
101498760
101498760
101498760
101498760
101498760
101498760
101498760
101498760
101498760
101498760
101498760
101498760
101498760
101498760
101498760
101498760
101498760
101498760
101498760
101498760
101498760
101498760
101498760
101498760
101498760
98750824
98750824
98750824
98750824
98750824
98750824
98750824
98750824
98750824
98750824
98750824
98750824
98750824
98750824
98750824
98750824
98750824
98750824
98750824
98750824
98750824
98750824
98750824
98750824
98750824
98750824
92902650
92902650
92902650
92902650
92902650
92902650
92902650
92902650
92902650
92902650
92902650
92902650
92902650
92902650
92902650
92902650
92902650
92902650
92902650
92902650
92902650
92902650
92902650
92902650
92902650
92902650
84213257
84213257
84213257
84213257
84213257
84213257
84213257
84213257
84213257
84213257
84213257
84213257
84213257
84213257
84213257
84213257
84213257
84213257
84213257
84213257
84213257
84213257
84213257
84213257
84213257
84213257
74601510
74601510
74601510
74601510
74601510
74601510
74601510
74601510
74601510
74601510
74601510
74601510
74601510
74601510
74601510
74601510
74601510
74601510
74601510
74601510
74601510
74601510
74601510
74601510
74601510
74601510
66323363
66323363
66323363
66323363
66323363
66323363
66323363
66323363
66323363
66323363
66323363
66323363
66323363
66323363
66323363
66323363
66323363
66323363
66323363
66323363
66323363
66323363
66323363
66323363
66323363
66323363
60144270
60144270
60144270
60144270
60144270
60144270
60144270
60144270
60144270
60144270
60144270
60144270
60144270
60144270
60144270
60144270
60144270
60144270
60144270
60144270
60144270
60144270
60144270
60144270
60144270
60144270
54977095
54977095
54977095
54977095
54977095
54977095
54977095
54977095
54977095
54977095
54977095
54977095
54977095
54977095
54977095
54977095
54977095
54977095
54977095
54977095
54977095
54977095
54977095
54977095
54977095
54977095
52645040
52645040
52645040
52645040
52645040
52645040
52645040
52645040
52645040
52645040
52645040
52645040
52645040
52645040
52645040
52645040
52645040
52645040
52645040
52645040
52645040
52645040
52645040
52645040
52645040
52645040
50735800
50735800
50735800
50735800
50735800
50735800
50735800
50735800
50735800
50735800
50735800
50735800
50735800
50735800
50735800
50735800
50735800
50735800
50735800
50735800
50735800
50735800
50735800
50735800
50735800
50735800
46118984
46118984
46118984
46118984
46118984
46118984
46118984
46118984
46118984
46118984
46118984
46118984
46118984
46118984
46118984
46118984
46118984
46118984
46118984
46118984
46118984
46118984
46118984
46118984
46118984
46118984
39672790
39672790
39672790
39672790
39672790
39672790
39672790
39672790
39672790
39672790
39672790
39672790
39672790
39672790
39672790
39672790
39672790
39672790
39672790
39672790
39672790
39672790
39672790
39672790
39672790
39672790
33035880
33035880
33035880
33035880
33035880
33035880
33035880
33035880
33035880
33035880
33035880
33035880
33035880
33035880
33035880
33035880
33035880
33035880
33035880
33035880
33035880
33035880
33035880
33035880
33035880
33035880
26919973
26919973
26919973
26919973
26919973
26919973
26919973
26919973
26919973
26919973
26919973
26919973
26919973
26919973
26919973
26919973
26919973
26919973
26919973
26919973
26919973
26919973
26919973
26919973
26919973
26919973
22494411
22494411
22494411
22494411
22494411
22494411
22494411
22494411
22494411
22494411
22494411
22494411
22494411
22494411
22494411
22494411
22494411
22494411
22494411
22494411
22494411
22494411
22494411
22494411
22494411
22494411
19934735
19934735
19934735
19934735
19934735
19934735
19934735
19934735
19934735
19934735
19934735
19934735
19934735
19934735
19934735
19934735
19934735
19934735
19934735
19934735
19934735
19934735
19934735
19934735
19934735
19934735
20341330
20341330
20341330
20341330
20341330
20341330
20341330
20341330
20341330
20341330
20341330
20341330
20341330
20341330
20341330
20341330
20341330
20341330
20341330
20341330
20341330
20341330
20341330
20341330
20341330
20341330
20058670
20058670
20058670
20058670
20058670
20058670
20058670
20058670
20058670
20058670
20058670
20058670
20058670
20058670
20058670
20058670
20058670
20058670
20058670
20058670
20058670
20058670
20058670
20058670
20058670
20058670
