10638483
10638483
10638483
10638483
10638483
10638483
10638483
10638483
10638483
10638483
10638483
10638483
10638483
10638483
10638483
10638483
10638483
10422064
10422064
10422064
10422064
10422064
10422064
10422064
10422064
10422064
10422064
10422064
10422064
10422064
10422064
10422064
10422064
10422064
10422064
10422064
10422064
10422064
10422064
10422064
10422064
10422064
10422064
10187404
10187404
10187404
10187404
10187404
10187404
10187404
10187404
10187404
10187404
10187404
10187404
10187404
10187404
10187404
10187404
10187404
10187404
10187404
10187404
10187404
10187404
10187404
10187404
10187404
10187404
10149876
10149876
10149876
10149876
10149876
10149876
10149876
10149876
10149876
10149876
10149876
10149876
10149876
10149876
10149876
10149876
10149876
10149876
10149876
10149876
10149876
10149876
10149876
10149876
10149876
10149876
9875082
9875082
9875082
9875082
9875082
9875082
9875082
9875082
9875082
9875082
9875082
9875082
9875082
9875082
9875082
9875082
9875082
9875082
9875082
9875082
9875082
9875082
9875082
9875082
9875082
9875082
9290265
9290265
9290265
9290265
9290265
9290265
9290265
9290265
9290265
9290265
9290265
9290265
9290265
9290265
9290265
9290265
9290265
9290265
9290265
9290265
9290265
9290265
9290265
9290265
9290265
9290265
8421325
8421325
8421325
8421325
8421325
8421325
8421325
8421325
8421325
8421325
8421325
8421325
8421325
8421325
8421325
8421325
8421325
8421325
8421325
8421325
8421325
8421325
8421325
8421325
8421325
8421325
7460151
7460151
7460151
7460151
7460151
7460151
7460151
7460151
7460151
7460151
7460151
7460151
7460151
7460151
7460151
7460151
7460151
7460151
7460151
7460151
7460151
7460151
7460151
7460151
7460151
7460151
6632336
6632336
6632336
6632336
6632336
6632336
6632336
6632336
6632336
6632336
6632336
6632336
6632336
6632336
6632336
6632336
6632336
6632336
6632336
6632336
6632336
6632336
6632336
6632336
6632336
6632336
6014427
6014427
6014427
6014427
6014427
6014427
6014427
6014427
6014427
6014427
6014427
6014427
6014427
6014427
6014427
6014427
6014427
6014427
6014427
6014427
6014427
6014427
6014427
6014427
6014427
6014427
5497709
5497709
5497709
5497709
5497709
5497709
5497709
5497709
5497709
5497709
5497709
5497709
5497709
5497709
5497709
5497709
5497709
5497709
5497709
5497709
5497709
5497709
5497709
5497709
5497709
5497709
5264504
5264504
5264504
5264504
5264504
5264504
5264504
5264504
5264504
5264504
5264504
5264504
5264504
5264504
5264504
5264504
5264504
5264504
5264504
5264504
5264504
5264504
5264504
5264504
5264504
5264504
5073580
5073580
5073580
5073580
5073580
5073580
5073580
5073580
5073580
5073580
5073580
5073580
5073580
5073580
5073580
5073580
5073580
5073580
5073580
5073580
5073580
5073580
5073580
5073580
5073580
5073580
4611898
4611898
4611898
4611898
4611898
4611898
4611898
4611898
4611898
4611898
4611898
4611898
4611898
4611898
4611898
4611898
4611898
4611898
4611898
4611898
4611898
4611898
4611898
4611898
4611898
4611898
3967279
3967279
3967279
3967279
3967279
3967279
3967279
3967279
3967279
3967279
3967279
3967279
3967279
3967279
3967279
3967279
3967279
3967279
3967279
3967279
3967279
3967279
3967279
3967279
3967279
3967279
3303588
3303588
3303588
3303588
3303588
3303588
3303588
3303588
3303588
3303588
3303588
3303588
3303588
3303588
3303588
3303588
3303588
3303588
3303588
3303588
3303588
3303588
3303588
3303588
3303588
3303588
2691997
2691997
2691997
2691997
2691997
2691997
2691997
2691997
2691997
2691997
2691997
2691997
2691997
2691997
2691997
2691997
2691997
2691997
2691997
2691997
2691997
2691997
2691997
2691997
2691997
2691997
2249441
2249441
2249441
2249441
2249441
2249441
2249441
2249441
2249441
2249441
2249441
2249441
2249441
2249441
2249441
2249441
2249441
2249441
2249441
2249441
2249441
2249441
2249441
2249441
2249441
2249441
1993473
1993473
1993473
1993473
1993473
1993473
1993473
1993473
1993473
1993473
1993473
1993473
1993473
1993473
1993473
1993473
1993473
1993473
1993473
1993473
1993473
1993473
1993473
1993473
1993473
1993473
2034133
2034133
2034133
2034133
2034133
2034133
2034133
2034133
2034133
2034133
2034133
2034133
2034133
2034133
2034133
2034133
2034133
2034133
2034133
2034133
2034133
2034133
2034133
2034133
2034133
2034133
2005867
2005867
2005867
2005867
2005867
2005867
2005867
2005867
2005867
2005867
2005867
2005867
2005867
2005867
2005867
2005867
2005867
2005867
2005867
2005867
2005867
2005867
2005867
2005867
2005867
2005867
